QTD
2.191398078
5.221690732	
10.80290771	
7.378848215	
3.081653547	
0.462248032	
0.376646545	
0.239684165	
0.513608924	
0.41088714	
0.547849519	
0.684811899
1.176655162	
1.405449221	
2.15720113	
2.712843845	
1.601558414	
0.490272984	
0.228794059	
0.212451626	
0.130739462	
0.163424328	
0.490272984	
0.719067043
0.435810026	
0.742491155	
0.903902275	
1.17830118	
1.210583404	
0.742491155	
0.177552233	
0.371245577	
0.145270009	
0.322822241	
0.338963353	
0.807055603
6.773129542	
13.15966493	
25.71624299	
26.53582259	
12.07720131	
2.938115555	
0.958753497	
1.020608561	
0.695869473	
0.927825965	
1.499985309	
1.175246222
3.528435986	
7.499835798	
14.89274929	
18.46700912	
13.41111167	
4.26161749	
1.496912237	
0.565160742	
0.809554577	
0.65680843	
0.779005348	
1.130321485
5.027462324	
14.13124545	
42.98253825	
76.96697576	
80.15254498	
21.5592078	
4.423562946	
1.313481148	
0.875654099	
0.84545913	
1.600333352	
2.853424562
6.017871436	
23.0261979	
32.9564324	
44.27540647	
22.96646717	
5.166708478	
1.284210778	
0.671970756	
0.806364907	
0.970624425	
0.940759058	
1.224480044
2.157806604	
3.133253426	
5.202383046	
5.409296008	
4.345172203	
2.216924594	
0.665077378	
0.591179892	
0.413825924	
0.502502908	
0.5468414	
1.019785313
1.536779525	
1.68313948	
2.605207194	
5.678766244	
6.059302126	
2.180763326	
0.892795724	
0.439079864	
0.673255792	
0.951339706	
2.239307308	
5.473862307
24.08488294	
73.81691149	
129.0457902	
134.0218861	
67.14836433	
11.6591085	
2.531444153	
0.8968545	
1.171697008	
1.229558588	
1.677985838	
2.328928621
4.119599998	
4.963545831	
4.892024998	
2.202841666	
2.302970832	
2.674879166	
1.687891666	
0.185954167	
0	
0	
0	
0
