QTD
128
305
631
431
180
27
22
14
30
24
32
40
72
86
132
166
98
30
14
13
8
10
30
44
27
46
56
73
75
46
11
23
9
20
21
50
438
851
1663
1716
781
190
62
66
45
60
97
76
231
491
975
1209
878
279
98
37
53
43
51
74
333
936
2847
5098
5309
1428
293
87
58
56
106
189
403
1542
2207
2965
1538
346
86
45
54
65
63
82
146
212
352
366
294
150
45
40
28
34
37
69
105
115
178
388
414
149
61
30
46
65
153
374
1665
5103
8921
9265
4642
806
175
62
81
85
116
161
288
347
342
154
161
187
118
0
0
0
0
0
